1.0000000000,   0.0000000000,   0.0000000000
0.6200339964,   -0.4563333450,   0.6382144791
0.6469068913,   0.6517133689,   0.3959560059
0.3539243394,   0.3760689256,   0.8563350542
0.4188348338,   -0.8223551858,   -0.3851095042
0.2527370188,   -0.1640521627,   0.9535255042
0.6996947356,   0.7063221548,   0.1074071247
-0.4901405772,   0.2939549499,   -0.8205807101
0.4145668577,   -0.8198914109,   0.3948574358
-0.7135090791,   0.0972500855,   -0.6938639742
-0.1262614744,   0.8817061954,   -0.4545901725
0.1732137029,   0.9492705681,   0.2624545705
-0.8397160928,   0.3159557433,   0.4416433535
-0.8900954877,   0.1040620299,   -0.4437354129
0.4405686979,   0.0821364183,   0.8939534837
-0.2474987263,   0.9499488381,   -0.1906346907
-0.5824691716,   -0.1172407681,   0.8043533218
-0.4122478771,   0.7916522671,   -0.4509305663
0.2395187510,   -0.9516558404,   0.1923068623
0.3650934947,   0.4666801120,   -0.8055534824
-0.8341863524,   -0.4450065066,   -0.3257335389
-0.4363878290,   -0.6625278947,   0.6087876897
0.9450145406,   -0.3213227776,   0.0608209706
-0.0261760362,   0.9995193990,   0.0166068082
0.0401492922,   0.3550093103,   -0.9340002269
-0.0450525985,   -0.1024758541,   0.9937147290
0.9482158546,   -0.1157611603,   0.2957804030
0.3887031706,   -0.6600427020,   0.6428479420
-0.9207984229,   -0.3894829992,   -0.0208148388
0.6537422772,   -0.6400459646,   0.4036857665
0.8568433764,   0.1031400106,   0.5051549924
0.8640640203,   0.4709654906,   0.1777213420
0.6335741716,   0.2959368547,   0.7148462400
-0.4703938254,   0.5752102854,   -0.6692255049
0.8407802441,   -0.1054549525,   -0.5310064350
0.6351914052,   0.4552308837,   -0.6239364721
0.3746887753,   0.7902593891,   0.4848694871
-0.7221112363,   -0.4782330467,   0.4998484923
-0.2160300499,   0.1719043272,   -0.9611347042
-0.7981000291,   -0.5740695372,   0.1829768012
0.3653524143,   -0.9268075060,   -0.0868646074
-0.5698016490,   -0.8168906178,   0.0895309959
0.4622982706,   0.8637086062,   0.2007180922
0.6357356908,   -0.7562455033,   -0.1547025214
0.4026286239,   -0.3633857279,   -0.8401434424
0.0607294585,   0.0252918749,   -0.9978337807
0.1519573937,   0.1432438749,   0.9779520145
-0.7806265156,   -0.2039648965,   0.5907796238
0.7830692172,   -0.6111526864,   0.1153039242
-0.6008071098,   -0.7113830659,   0.3646435934
0.8068781780,   0.5736507062,   -0.1409697588
0.8226975479,   -0.3799262945,   -0.4228767613
-0.9030315481,   -0.3053852997,   0.3021156098
-0.1330207169,   -0.4472324814,   -0.8844708001
0.9529780447,   0.1951401867,   0.2318472640
0.3150156927,   -0.4479771896,   0.8367087610
-0.9158916497,   -0.0042479527,   0.4014030902
0.8435158451,   -0.4111660645,   0.3455770339
-0.9827506417,   0.1127639320,   -0.1465792340
0.0263210683,   -0.9995269724,   -0.0159069995
-0.1558116323,   0.2138729924,   0.9643552656
-0.7492290777,   0.1055649651,   0.6538438859
0.5652829143,   0.2017098063,   -0.7998552249
-0.1793412324,   0.7049285619,   -0.6862306061
0.7859598416,   0.1776820732,   -0.5921960892
-0.4064842979,   -0.5939462521,   -0.6942610208
0.6841874775,   0.0045709475,   0.7292918496
0.5135928672,   0.5597607589,   0.6503001302
-0.4339424366,   0.6287646702,   0.6452510760
0.6505275989,   -0.6251357615,   -0.4312993421
0.5613242385,   0.8173390259,   -0.1298923242
0.5566289320,   -0.8202823247,   0.1315337967
0.0926786836,   0.9594875697,   -0.2660719171
0.1182832127,   -0.2748767901,   -0.9541759962
-0.2117896693,   -0.5752832662,   0.7900596809
0.9496530442,   0.3030412983,   -0.0795302904
-0.9215936538,   0.3850284543,   -0.0491754673
0.0179353534,   -0.3951906251,   0.9184240267
-0.4534622129,   0.8149911672,   0.3607789055
-0.1958316402,   -0.9541907615,   -0.2262077788
0.3706507620,   0.8584989152,   -0.3543975523
0.9546685061,   -0.1959514691,   -0.2240782565
-0.6469581533,   -0.1876883906,   -0.7390657723
-0.0574099527,   -0.9552209133,   0.2902707425
0.6409863082,   0.6613749680,   -0.3895121363
-0.7462961082,   -0.6559528372,   -0.1129955491
-0.8324852114,   0.5162817724,   0.2010509986
0.0876087075,   -0.6572776613,   0.7485391040
0.0961859320,   0.6098700078,   -0.7866427651
-0.1142350028,   -0.6898628785,   -0.7148703189
0.8409557580,   -0.5166919664,   -0.1606948185
-0.3097288684,   0.4403935629,   0.8426870935
0.2930245364,   0.9553596745,   -0.0377427248
-0.3466017433,   -0.8696459070,   0.3515440625
0.4123099915,   0.6803957827,   -0.6058564597
-0.4854471219,   -0.8526017939,   -0.1934199391
0.1413006856,   0.8104972056,   -0.5684438369
-0.1886661866,   -0.1511400106,   -0.9703410571
-0.9908196067,   -0.1005969478,   0.0903147878
0.0492572335,   0.4292472103,   0.9018428673
-0.5012022692,   0.2026835037,   0.8412583922
-0.6410845482,   0.7565331952,   0.1291050989
0.7958577894,   -0.2178241973,   0.5649451283
-0.8577083685,   0.3851077825,   -0.3406293445
-0.2946436243,   -0.3133742058,   0.9027633918
-0.4131988623,   -0.3358698569,   -0.8464385029
0.3745779606,   -0.0798640297,   -0.9237494726
0.1460687415,   -0.9447397946,   -0.2934802261
0.4401378483,   -0.6156040450,   -0.6536897842
-0.3610931021,   -0.7992146567,   -0.4804869447
-0.1519681637,   -0.8017113510,   0.5780697074
-0.3654814425,   0.9268178529,   0.0862089479
0.2230656101,   0.6413019337,   0.7341481889
-0.7662223354,   0.6310916993,   -0.1209404799
-0.9634675896,   0.1964427290,   0.1820452086
0.5288591342,   -0.2330583026,   0.8160832332
-0.4562481627,   -0.0050009606,   -0.8898385271
0.9441691648,   0.1030305124,   -0.3129365777
-0.6628461530,   0.6270321056,   -0.4092257517
0.1931603868,   -0.7804105099,   -0.5946835300
0.8366684058,   0.3938319915,   -0.3806341302
-0.9583305889,   -0.1688150326,   -0.2304429801
-0.6597476997,   -0.4515624957,   -0.6006865114
-0.5349129866,   -0.4095457307,   0.7390131197
0.2967065929,   0.2056532754,   -0.9325620236
0.1384160281,   -0.8503567949,   0.5076754125
0.1597314388,   -0.5592723522,   -0.8134496317
0.6366812325,   -0.0910531077,   -0.7657325510
-0.1380717344,   0.9464445847,   0.2918541487
-0.0951125783,   0.6449584387,   0.7582758137
-0.8396653652,   -0.1876270498,   -0.5096647569
-0.6320622708,   0.4003187086,   0.6635075110
-0.6237671405,   -0.6695402521,   -0.4032746026
0.7883190610,   0.3965249103,   0.4704477159
0.6471919921,   -0.3742984281,   -0.6641108431
-0.2176513723,   0.8097786849,   0.5448727938
-0.2876686195,   -0.9556316138,   0.0633639007
-0.0706366787,   -0.8716001632,   -0.4851016544
0.0806879440,   0.8390947984,   0.5379678195
-0.2312501723,   0.4659239958,   -0.8540715355
-0.7044203797,   0.3788673260,   -0.6002095283
-0.6682731769,   0.6052721608,   0.4325003726
-0.3339388788,   -0.0225925615,   0.9423239365
-0.5346272293,   0.8283058861,   -0.1675800843
